Time, Energy, Ball 1 X, Ball 1 Y, Ball 2 X, Ball 2 Y, Ball 3 X, Ball 3 Y, Ball 4 X, Ball 4 Y, Ball 5 X, Ball 5 Y, Ball 6 X, Ball 6 Y, Ball 7 X, Ball 7 Y, 
0.01, 0.921954, 200.000000, 100.000000, 240.000000, 100.000000, 280.000000, 100.000000, 220.000000, 140.000000, 260.000000, 140.000000, 240.000000, 180.000000, 240.200000, 379.100000, 
0.01, 0.921954, 200.000000, 100.000000, 240.000000, 100.000000, 280.000000, 100.000000, 220.000000, 140.000000, 260.000000, 140.000000, 240.000000, 180.000000, 240.400000, 378.200000, 
0.01, 0.921954, 200.000000, 100.000000, 240.000000, 100.000000, 280.000000, 100.000000, 220.000000, 140.000000, 260.000000, 140.000000, 240.000000, 180.000000, 240.600000, 377.300000, 
0.01, 0.921954, 200.000000, 100.000000, 240.000000, 100.000000, 280.000000, 100.000000, 220.000000, 140.000000, 260.000000, 140.000000, 240.000000, 180.000000, 240.800000, 376.400000, 
0.01, 0.921954, 200.000000, 100.000000, 240.000000, 100.000000, 280.000000, 100.000000, 220.000000, 140.000000, 260.000000, 140.000000, 240.000000, 180.000000, 241.000000, 375.500000, 
0.01, 0.921954, 200.000000, 100.000000, 240.000000, 100.000000, 280.000000, 100.000000, 220.000000, 140.000000, 260.000000, 140.000000, 240.000000, 180.000000, 241.200000, 374.600000, 
0.01, 0.921954, 200.000000, 100.000000, 240.000000, 100.000000, 280.000000, 100.000000, 220.000000, 140.000000, 260.000000, 140.000000, 240.000000, 180.000000, 241.400000, 373.700000, 
0.02, 0.921954, 200.000000, 100.000000, 240.000000, 100.000000, 280.000000, 100.000000, 220.000000, 140.000000, 260.000000, 140.000000, 240.000000, 180.000000, 241.600000, 372.800000, 
0.02, 0.921954, 200.000000, 100.000000, 240.000000, 100.000000, 280.000000, 100.000000, 220.000000, 140.000000, 260.000000, 140.000000, 240.000000, 180.000000, 241.800000, 371.900000, 
0.02, 0.921954, 200.000000, 100.000000, 240.000000, 100.000000, 280.000000, 100.000000, 220.000000, 140.000000, 260.000000, 140.000000, 240.000000, 180.000000, 242.000000, 371.000000, 
0.02, 0.921954, 200.000000, 100.000000, 240.000000, 100.000000, 280.000000, 100.000000, 220.000000, 140.000000, 260.000000, 140.000000, 240.000000, 180.000000, 242.200000, 370.100000, 
0.02, 0.921954, 200.000000, 100.000000, 240.000000, 100.000000, 280.000000, 100.000000, 220.000000, 140.000000, 260.000000, 140.000000, 240.000000, 180.000000, 242.400000, 369.200000, 
0.06, 0.921954, 200.000000, 100.000000, 240.000000, 100.000000, 280.000000, 100.000000, 220.000000, 140.000000, 260.000000, 140.000000, 240.000000, 180.000000, 242.600000, 368.300000, 
0.06, 0.921954, 200.000000, 100.000000, 240.000000, 100.000000, 280.000000, 100.000000, 220.000000, 140.000000, 260.000000, 140.000000, 240.000000, 180.000000, 242.800000, 367.400000, 
0.06, 0.921954, 200.000000, 100.000000, 240.000000, 100.000000, 280.000000, 100.000000, 220.000000, 140.000000, 260.000000, 140.000000, 240.000000, 180.000000, 243.000000, 366.500000, 
0.06, 0.921954, 200.000000, 100.000000, 240.000000, 100.000000, 280.000000, 100.000000, 220.000000, 140.000000, 260.000000, 140.000000, 240.000000, 180.000000, 243.200000, 365.600000, 
0.06, 0.921954, 200.000000, 100.000000, 240.000000, 100.000000, 280.000000, 100.000000, 220.000000, 140.000000, 260.000000, 140.000000, 240.000000, 180.000000, 243.400000, 364.700000, 
0.06, 0.921954, 200.000000, 100.000000, 240.000000, 100.000000, 280.000000, 100.000000, 220.000000, 140.000000, 260.000000, 140.000000, 240.000000, 180.000000, 243.600000, 363.800000, 
0.06, 0.921954, 200.000000, 100.000000, 240.000000, 100.000000, 280.000000, 100.000000, 220.000000, 140.000000, 260.000000, 140.000000, 240.000000, 180.000000, 243.800000, 362.900000, 
0.07, 0.921954, 200.000000, 100.000000, 240.000000, 100.000000, 280.000000, 100.000000, 220.000000, 140.000000, 260.000000, 140.000000, 240.000000, 180.000000, 244.000000, 362.000000, 
0.07, 0.921954, 200.000000, 100.000000, 240.000000, 100.000000, 280.000000, 100.000000, 220.000000, 140.000000, 260.000000, 140.000000, 240.000000, 180.000000, 244.200000, 361.100000, 
0.07, 0.921954, 200.000000, 100.000000, 240.000000, 100.000000, 280.000000, 100.000000, 220.000000, 140.000000, 260.000000, 140.000000, 240.000000, 180.000000, 244.400000, 360.200000, 
0.07, 0.921954, 200.000000, 100.000000, 240.000000, 100.000000, 280.000000, 100.000000, 220.000000, 140.000000, 260.000000, 140.000000, 240.000000, 180.000000, 244.600000, 359.300000, 
0.07, 0.921954, 200.000000, 100.000000, 240.000000, 100.000000, 280.000000, 100.000000, 220.000000, 140.000000, 260.000000, 140.000000, 240.000000, 180.000000, 244.800000, 358.400000, 
0.12, 0.921954, 200.000000, 100.000000, 240.000000, 100.000000, 280.000000, 100.000000, 220.000000, 140.000000, 260.000000, 140.000000, 240.000000, 180.000000, 245.000000, 357.500000, 
0.12, 0.921954, 200.000000, 100.000000, 240.000000, 100.000000, 280.000000, 100.000000, 220.000000, 140.000000, 260.000000, 140.000000, 240.000000, 180.000000, 245.200000, 356.600000, 
0.12, 0.921954, 200.000000, 100.000000, 240.000000, 100.000000, 280.000000, 100.000000, 220.000000, 140.000000, 260.000000, 140.000000, 240.000000, 180.000000, 245.400000, 355.700000, 
0.12, 0.921954, 200.000000, 100.000000, 240.000000, 100.000000, 280.000000, 100.000000, 220.000000, 140.000000, 260.000000, 140.000000, 240.000000, 180.000000, 245.600000, 354.800000, 
0.12, 0.921954, 200.000000, 100.000000, 240.000000, 100.000000, 280.000000, 100.000000, 220.000000, 140.000000, 260.000000, 140.000000, 240.000000, 180.000000, 245.800000, 353.900000, 
0.13, 0.921954, 200.000000, 100.000000, 240.000000, 100.000000, 280.000000, 100.000000, 220.000000, 140.000000, 260.000000, 140.000000, 240.000000, 180.000000, 246.000000, 353.000000, 
0.13, 0.921954, 200.000000, 100.000000, 240.000000, 100.000000, 280.000000, 100.000000, 220.000000, 140.000000, 260.000000, 140.000000, 240.000000, 180.000000, 246.200000, 352.100000, 
0.13, 0.921954, 200.000000, 100.000000, 240.000000, 100.000000, 280.000000, 100.000000, 220.000000, 140.000000, 260.000000, 140.000000, 240.000000, 180.000000, 246.400000, 351.200000, 
0.13, 0.921954, 200.000000, 100.000000, 240.000000, 100.000000, 280.000000, 100.000000, 220.000000, 140.000000, 260.000000, 140.000000, 240.000000, 180.000000, 246.600000, 350.300000, 
0.13, 0.921954, 200.000000, 100.000000, 240.000000, 100.000000, 280.000000, 100.000000, 220.000000, 140.000000, 260.000000, 140.000000, 240.000000, 180.000000, 246.800000, 349.400000, 
0.13, 0.921954, 200.000000, 100.000000, 240.000000, 100.000000, 280.000000, 100.000000, 220.000000, 140.000000, 260.000000, 140.000000, 240.000000, 180.000000, 247.000000, 348.500000, 
0.13, 0.921954, 200.000000, 100.000000, 240.000000, 100.000000, 280.000000, 100.000000, 220.000000, 140.000000, 260.000000, 140.000000, 240.000000, 180.000000, 247.200000, 347.600000, 
0.18, 0.921954, 200.000000, 100.000000, 240.000000, 100.000000, 280.000000, 100.000000, 220.000000, 140.000000, 260.000000, 140.000000, 240.000000, 180.000000, 247.400000, 346.700000, 
0.18, 0.921954, 200.000000, 100.000000, 240.000000, 100.000000, 280.000000, 100.000000, 220.000000, 140.000000, 260.000000, 140.000000, 240.000000, 180.000000, 247.600000, 345.800000, 
0.18, 0.921954, 200.000000, 100.000000, 240.000000, 100.000000, 280.000000, 100.000000, 220.000000, 140.000000, 260.000000, 140.000000, 240.000000, 180.000000, 247.800000, 344.900000, 
0.19, 0.921954, 200.000000, 100.000000, 240.000000, 100.000000, 280.000000, 100.000000, 220.000000, 140.000000, 260.000000, 140.000000, 240.000000, 180.000000, 248.000000, 344.000000, 
0.19, 0.921954, 200.000000, 100.000000, 240.000000, 100.000000, 280.000000, 100.000000, 220.000000, 140.000000, 260.000000, 140.000000, 240.000000, 180.000000, 248.200000, 343.100000, 
0.19, 0.921954, 200.000000, 100.000000, 240.000000, 100.000000, 280.000000, 100.000000, 220.000000, 140.000000, 260.000000, 140.000000, 240.000000, 180.000000, 248.400000, 342.200000, 
0.19, 0.921954, 200.000000, 100.000000, 240.000000, 100.000000, 280.000000, 100.000000, 220.000000, 140.000000, 260.000000, 140.000000, 240.000000, 180.000000, 248.600000, 341.300000, 
0.19, 0.921954, 200.000000, 100.000000, 240.000000, 100.000000, 280.000000, 100.000000, 220.000000, 140.000000, 260.000000, 140.000000, 240.000000, 180.000000, 248.800000, 340.400000, 
0.19, 0.921954, 200.000000, 100.000000, 240.000000, 100.000000, 280.000000, 100.000000, 220.000000, 140.000000, 260.000000, 140.000000, 240.000000, 180.000000, 249.000000, 339.500000, 
0.20, 0.921954, 200.000000, 100.000000, 240.000000, 100.000000, 280.000000, 100.000000, 220.000000, 140.000000, 260.000000, 140.000000, 240.000000, 180.000000, 249.200000, 338.600000, 
0.20, 0.921954, 200.000000, 100.000000, 240.000000, 100.000000, 280.000000, 100.000000, 220.000000, 140.000000, 260.000000, 140.000000, 240.000000, 180.000000, 249.400000, 337.700000, 
0.20, 0.921954, 200.000000, 100.000000, 240.000000, 100.000000, 280.000000, 100.000000, 220.000000, 140.000000, 260.000000, 140.000000, 240.000000, 180.000000, 249.600000, 336.800000, 
0.24, 0.921954, 200.000000, 100.000000, 240.000000, 100.000000, 280.000000, 100.000000, 220.000000, 140.000000, 260.000000, 140.000000, 240.000000, 180.000000, 249.800000, 335.900000, 
0.24, 0.921954, 200.000000, 100.000000, 240.000000, 100.000000, 280.000000, 100.000000, 220.000000, 140.000000, 260.000000, 140.000000, 240.000000, 180.000000, 250.000000, 335.000000, 
0.25, 0.921954, 200.000000, 100.000000, 240.000000, 100.000000, 280.000000, 100.000000, 220.000000, 140.000000, 260.000000, 140.000000, 240.000000, 180.000000, 250.200000, 334.100000, 
0.25, 0.921954, 200.000000, 100.000000, 240.000000, 100.000000, 280.000000, 100.000000, 220.000000, 140.000000, 260.000000, 140.000000, 240.000000, 180.000000, 250.400000, 333.200000, 
0.25, 0.921954, 200.000000, 100.000000, 240.000000, 100.000000, 280.000000, 100.000000, 220.000000, 140.000000, 260.000000, 140.000000, 240.000000, 180.000000, 250.600000, 332.300000, 
0.25, 0.921954, 200.000000, 100.000000, 240.000000, 100.000000, 280.000000, 100.000000, 220.000000, 140.000000, 260.000000, 140.000000, 240.000000, 180.000000, 250.800000, 331.400000, 
0.26, 0.921954, 200.000000, 100.000000, 240.000000, 100.000000, 280.000000, 100.000000, 220.000000, 140.000000, 260.000000, 140.000000, 240.000000, 180.000000, 251.000000, 330.500000, 
0.26, 0.921954, 200.000000, 100.000000, 240.000000, 100.000000, 280.000000, 100.000000, 220.000000, 140.000000, 260.000000, 140.000000, 240.000000, 180.000000, 251.200000, 329.600000, 
0.26, 0.921954, 200.000000, 100.000000, 240.000000, 100.000000, 280.000000, 100.000000, 220.000000, 140.000000, 260.000000, 140.000000, 240.000000, 180.000000, 251.400000, 328.700000, 
0.26, 0.921954, 200.000000, 100.000000, 240.000000, 100.000000, 280.000000, 100.000000, 220.000000, 140.000000, 260.000000, 140.000000, 240.000000, 180.000000, 251.600000, 327.800000, 
0.26, 0.921954, 200.000000, 100.000000, 240.000000, 100.000000, 280.000000, 100.000000, 220.000000, 140.000000, 260.000000, 140.000000, 240.000000, 180.000000, 251.800000, 326.900000, 
0.27, 0.921954, 200.000000, 100.000000, 240.000000, 100.000000, 280.000000, 100.000000, 220.000000, 140.000000, 260.000000, 140.000000, 240.000000, 180.000000, 252.000000, 326.000000, 
0.31, 0.921954, 200.000000, 100.000000, 240.000000, 100.000000, 280.000000, 100.000000, 220.000000, 140.000000, 260.000000, 140.000000, 240.000000, 180.000000, 252.200000, 325.100000, 
0.31, 0.921954, 200.000000, 100.000000, 240.000000, 100.000000, 280.000000, 100.000000, 220.000000, 140.000000, 260.000000, 140.000000, 240.000000, 180.000000, 252.400000, 324.200000, 
0.31, 0.921954, 200.000000, 100.000000, 240.000000, 100.000000, 280.000000, 100.000000, 220.000000, 140.000000, 260.000000, 140.000000, 240.000000, 180.000000, 252.600000, 323.300000, 
0.31, 0.921954, 200.000000, 100.000000, 240.000000, 100.000000, 280.000000, 100.000000, 220.000000, 140.000000, 260.000000, 140.000000, 240.000000, 180.000000, 252.800000, 322.400000, 
0.31, 0.921954, 200.000000, 100.000000, 240.000000, 100.000000, 280.000000, 100.000000, 220.000000, 140.000000, 260.000000, 140.000000, 240.000000, 180.000000, 253.000000, 321.500000, 
0.32, 0.921954, 200.000000, 100.000000, 240.000000, 100.000000, 280.000000, 100.000000, 220.000000, 140.000000, 260.000000, 140.000000, 240.000000, 180.000000, 253.200000, 320.600000, 
0.32, 0.921954, 200.000000, 100.000000, 240.000000, 100.000000, 280.000000, 100.000000, 220.000000, 140.000000, 260.000000, 140.000000, 240.000000, 180.000000, 253.400000, 319.700000, 
0.32, 0.921954, 200.000000, 100.000000, 240.000000, 100.000000, 280.000000, 100.000000, 220.000000, 140.000000, 260.000000, 140.000000, 240.000000, 180.000000, 253.600000, 318.800000, 
0.32, 0.921954, 200.000000, 100.000000, 240.000000, 100.000000, 280.000000, 100.000000, 220.000000, 140.000000, 260.000000, 140.000000, 240.000000, 180.000000, 253.800000, 317.900000, 
0.32, 0.921954, 200.000000, 100.000000, 240.000000, 100.000000, 280.000000, 100.000000, 220.000000, 140.000000, 260.000000, 140.000000, 240.000000, 180.000000, 254.000000, 317.000000, 
0.32, 0.921954, 200.000000, 100.000000, 240.000000, 100.000000, 280.000000, 100.000000, 220.000000, 140.000000, 260.000000, 140.000000, 240.000000, 180.000000, 254.200000, 316.100000, 
0.33, 0.921954, 200.000000, 100.000000, 240.000000, 100.000000, 280.000000, 100.000000, 220.000000, 140.000000, 260.000000, 140.000000, 240.000000, 180.000000, 254.400000, 315.200000, 
0.37, 0.921954, 200.000000, 100.000000, 240.000000, 100.000000, 280.000000, 100.000000, 220.000000, 140.000000, 260.000000, 140.000000, 240.000000, 180.000000, 254.600000, 314.300000, 
0.37, 0.921954, 200.000000, 100.000000, 240.000000, 100.000000, 280.000000, 100.000000, 220.000000, 140.000000, 260.000000, 140.000000, 240.000000, 180.000000, 254.800000, 313.400000, 
0.37, 0.921954, 200.000000, 100.000000, 240.000000, 100.000000, 280.000000, 100.000000, 220.000000, 140.000000, 260.000000, 140.000000, 240.000000, 180.000000, 255.000000, 312.500000, 
0.37, 0.921954, 200.000000, 100.000000, 240.000000, 100.000000, 280.000000, 100.000000, 220.000000, 140.000000, 260.000000, 140.000000, 240.000000, 180.000000, 255.200000, 311.600000, 
0.37, 0.921954, 200.000000, 100.000000, 240.000000, 100.000000, 280.000000, 100.000000, 220.000000, 140.000000, 260.000000, 140.000000, 240.000000, 180.000000, 255.400000, 310.700000, 
0.37, 0.921954, 200.000000, 100.000000, 240.000000, 100.000000, 280.000000, 100.000000, 220.000000, 140.000000, 260.000000, 140.000000, 240.000000, 180.000000, 255.600000, 309.800000, 
0.38, 0.921954, 200.000000, 100.000000, 240.000000, 100.000000, 280.000000, 100.000000, 220.000000, 140.000000, 260.000000, 140.000000, 240.000000, 180.000000, 255.800000, 308.900000, 
0.38, 0.921954, 200.000000, 100.000000, 240.000000, 100.000000, 280.000000, 100.000000, 220.000000, 140.000000, 260.000000, 140.000000, 240.000000, 180.000000, 256.000000, 308.000000, 
0.38, 0.921954, 200.000000, 100.000000, 240.000000, 100.000000, 280.000000, 100.000000, 220.000000, 140.000000, 260.000000, 140.000000, 240.000000, 180.000000, 256.200000, 307.100000, 
0.38, 0.921954, 200.000000, 100.000000, 240.000000, 100.000000, 280.000000, 100.000000, 220.000000, 140.000000, 260.000000, 140.000000, 240.000000, 180.000000, 256.400000, 306.200000, 
0.38, 0.921954, 200.000000, 100.000000, 240.000000, 100.000000, 280.000000, 100.000000, 220.000000, 140.000000, 260.000000, 140.000000, 240.000000, 180.000000, 256.600000, 305.300000, 
0.38, 0.921954, 200.000000, 100.000000, 240.000000, 100.000000, 280.000000, 100.000000, 220.000000, 140.000000, 260.000000, 140.000000, 240.000000, 180.000000, 256.800000, 304.400000, 
0.43, 0.921954, 200.000000, 100.000000, 240.000000, 100.000000, 280.000000, 100.000000, 220.000000, 140.000000, 260.000000, 140.000000, 240.000000, 180.000000, 257.000000, 303.500000, 
0.44, 0.921954, 200.000000, 100.000000, 240.000000, 100.000000, 280.000000, 100.000000, 220.000000, 140.000000, 260.000000, 140.000000, 240.000000, 180.000000, 257.200000, 302.600000, 
0.44, 0.921954, 200.000000, 100.000000, 240.000000, 100.000000, 280.000000, 100.000000, 220.000000, 140.000000, 260.000000, 140.000000, 240.000000, 180.000000, 257.400000, 301.700000, 
0.44, 0.921954, 200.000000, 100.000000, 240.000000, 100.000000, 280.000000, 100.000000, 220.000000, 140.000000, 260.000000, 140.000000, 240.000000, 180.000000, 257.600000, 300.800000, 
0.44, 0.921954, 200.000000, 100.000000, 240.000000, 100.000000, 280.000000, 100.000000, 220.000000, 140.000000, 260.000000, 140.000000, 240.000000, 180.000000, 257.800000, 299.900000, 
0.44, 0.921954, 200.000000, 100.000000, 240.000000, 100.000000, 280.000000, 100.000000, 220.000000, 140.000000, 260.000000, 140.000000, 240.000000, 180.000000, 258.000000, 299.000000, 
0.45, 0.921954, 200.000000, 100.000000, 240.000000, 100.000000, 280.000000, 100.000000, 220.000000, 140.000000, 260.000000, 140.000000, 240.000000, 180.000000, 258.200000, 298.100000, 
0.45, 0.921954, 200.000000, 100.000000, 240.000000, 100.000000, 280.000000, 100.000000, 220.000000, 140.000000, 260.000000, 140.000000, 240.000000, 180.000000, 258.400000, 297.200000, 
0.45, 0.921954, 200.000000, 100.000000, 240.000000, 100.000000, 280.000000, 100.000000, 220.000000, 140.000000, 260.000000, 140.000000, 240.000000, 180.000000, 258.600000, 296.300000, 
0.45, 0.921954, 200.000000, 100.000000, 240.000000, 100.000000, 280.000000, 100.000000, 220.000000, 140.000000, 260.000000, 140.000000, 240.000000, 180.000000, 258.800000, 295.400000, 
0.45, 0.921954, 200.000000, 100.000000, 240.000000, 100.000000, 280.000000, 100.000000, 220.000000, 140.000000, 260.000000, 140.000000, 240.000000, 180.000000, 259.000000, 294.500000, 
0.46, 0.921954, 200.000000, 100.000000, 240.000000, 100.000000, 280.000000, 100.000000, 220.000000, 140.000000, 260.000000, 140.000000, 240.000000, 180.000000, 259.200000, 293.600000, 
0.49, 0.921954, 200.000000, 100.000000, 240.000000, 100.000000, 280.000000, 100.000000, 220.000000, 140.000000, 260.000000, 140.000000, 240.000000, 180.000000, 259.400000, 292.700000, 
0.49, 0.921954, 200.000000, 100.000000, 240.000000, 100.000000, 280.000000, 100.000000, 220.000000, 140.000000, 260.000000, 140.000000, 240.000000, 180.000000, 259.600000, 291.800000, 
0.50, 0.921954, 200.000000, 100.000000, 240.000000, 100.000000, 280.000000, 100.000000, 220.000000, 140.000000, 260.000000, 140.000000, 240.000000, 180.000000, 259.800000, 290.900000, 
0.50, 0.921954, 200.000000, 100.000000, 240.000000, 100.000000, 280.000000, 100.000000, 220.000000, 140.000000, 260.000000, 140.000000, 240.000000, 180.000000, 260.000000, 290.000000, 
0.50, 0.921954, 200.000000, 100.000000, 240.000000, 100.000000, 280.000000, 100.000000, 220.000000, 140.000000, 260.000000, 140.000000, 240.000000, 180.000000, 260.200000, 289.100000, 
0.50, 0.921954, 200.000000, 100.000000, 240.000000, 100.000000, 280.000000, 100.000000, 220.000000, 140.000000, 260.000000, 140.000000, 240.000000, 180.000000, 260.400000, 288.200000, 
0.50, 0.921954, 200.000000, 100.000000, 240.000000, 100.000000, 280.000000, 100.000000, 220.000000, 140.000000, 260.000000, 140.000000, 240.000000, 180.000000, 260.600000, 287.300000, 
0.50, 0.921954, 200.000000, 100.000000, 240.000000, 100.000000, 280.000000, 100.000000, 220.000000, 140.000000, 260.000000, 140.000000, 240.000000, 180.000000, 260.800000, 286.400000, 
0.51, 0.921954, 200.000000, 100.000000, 240.000000, 100.000000, 280.000000, 100.000000, 220.000000, 140.000000, 260.000000, 140.000000, 240.000000, 180.000000, 261.000000, 285.500000, 
0.51, 0.921954, 200.000000, 100.000000, 240.000000, 100.000000, 280.000000, 100.000000, 220.000000, 140.000000, 260.000000, 140.000000, 240.000000, 180.000000, 261.200000, 284.600000, 
0.51, 0.921954, 200.000000, 100.000000, 240.000000, 100.000000, 280.000000, 100.000000, 220.000000, 140.000000, 260.000000, 140.000000, 240.000000, 180.000000, 261.400000, 283.700000, 
0.51, 0.921954, 200.000000, 100.000000, 240.000000, 100.000000, 280.000000, 100.000000, 220.000000, 140.000000, 260.000000, 140.000000, 240.000000, 180.000000, 261.600000, 282.800000, 
0.56, 0.921954, 200.000000, 100.000000, 240.000000, 100.000000, 280.000000, 100.000000, 220.000000, 140.000000, 260.000000, 140.000000, 240.000000, 180.000000, 261.800000, 281.900000, 
0.56, 0.921954, 200.000000, 100.000000, 240.000000, 100.000000, 280.000000, 100.000000, 220.000000, 140.000000, 260.000000, 140.000000, 240.000000, 180.000000, 262.000000, 281.000000, 
0.56, 0.921954, 200.000000, 100.000000, 240.000000, 100.000000, 280.000000, 100.000000, 220.000000, 140.000000, 260.000000, 140.000000, 240.000000, 180.000000, 262.200000, 280.100000, 
0.56, 0.921954, 200.000000, 100.000000, 240.000000, 100.000000, 280.000000, 100.000000, 220.000000, 140.000000, 260.000000, 140.000000, 240.000000, 180.000000, 262.400000, 279.200000, 
0.56, 0.921954, 200.000000, 100.000000, 240.000000, 100.000000, 280.000000, 100.000000, 220.000000, 140.000000, 260.000000, 140.000000, 240.000000, 180.000000, 262.600000, 278.300000, 
0.57, 0.921954, 200.000000, 100.000000, 240.000000, 100.000000, 280.000000, 100.000000, 220.000000, 140.000000, 260.000000, 140.000000, 240.000000, 180.000000, 262.800000, 277.400000, 
0.57, 0.921954, 200.000000, 100.000000, 240.000000, 100.000000, 280.000000, 100.000000, 220.000000, 140.000000, 260.000000, 140.000000, 240.000000, 180.000000, 263.000000, 276.500000, 
0.57, 0.921954, 200.000000, 100.000000, 240.000000, 100.000000, 280.000000, 100.000000, 220.000000, 140.000000, 260.000000, 140.000000, 240.000000, 180.000000, 263.200000, 275.600000, 
0.57, 0.921954, 200.000000, 100.000000, 240.000000, 100.000000, 280.000000, 100.000000, 220.000000, 140.000000, 260.000000, 140.000000, 240.000000, 180.000000, 263.400000, 274.700000, 
0.57, 0.921954, 200.000000, 100.000000, 240.000000, 100.000000, 280.000000, 100.000000, 220.000000, 140.000000, 260.000000, 140.000000, 240.000000, 180.000000, 263.600000, 273.800000, 
0.57, 0.921954, 200.000000, 100.000000, 240.000000, 100.000000, 280.000000, 100.000000, 220.000000, 140.000000, 260.000000, 140.000000, 240.000000, 180.000000, 263.800000, 272.900000, 
0.58, 0.921954, 200.000000, 100.000000, 240.000000, 100.000000, 280.000000, 100.000000, 220.000000, 140.000000, 260.000000, 140.000000, 240.000000, 180.000000, 264.000000, 272.000000, 
0.62, 0.921954, 200.000000, 100.000000, 240.000000, 100.000000, 280.000000, 100.000000, 220.000000, 140.000000, 260.000000, 140.000000, 240.000000, 180.000000, 264.200000, 271.100000, 
0.62, 0.921954, 200.000000, 100.000000, 240.000000, 100.000000, 280.000000, 100.000000, 220.000000, 140.000000, 260.000000, 140.000000, 240.000000, 180.000000, 264.400000, 270.200000, 
0.62, 0.921954, 200.000000, 100.000000, 240.000000, 100.000000, 280.000000, 100.000000, 220.000000, 140.000000, 260.000000, 140.000000, 240.000000, 180.000000, 264.600000, 269.300000, 
0.62, 0.921954, 200.000000, 100.000000, 240.000000, 100.000000, 280.000000, 100.000000, 220.000000, 140.000000, 260.000000, 140.000000, 240.000000, 180.000000, 264.800000, 268.400000, 
0.62, 0.921954, 200.000000, 100.000000, 240.000000, 100.000000, 280.000000, 100.000000, 220.000000, 140.000000, 260.000000, 140.000000, 240.000000, 180.000000, 265.000000, 267.500000, 
0.62, 0.921954, 200.000000, 100.000000, 240.000000, 100.000000, 280.000000, 100.000000, 220.000000, 140.000000, 260.000000, 140.000000, 240.000000, 180.000000, 265.200000, 266.600000, 
0.63, 0.921954, 200.000000, 100.000000, 240.000000, 100.000000, 280.000000, 100.000000, 220.000000, 140.000000, 260.000000, 140.000000, 240.000000, 180.000000, 265.400000, 265.700000, 
0.63, 0.921954, 200.000000, 100.000000, 240.000000, 100.000000, 280.000000, 100.000000, 220.000000, 140.000000, 260.000000, 140.000000, 240.000000, 180.000000, 265.600000, 264.800000, 
0.63, 0.921954, 200.000000, 100.000000, 240.000000, 100.000000, 280.000000, 100.000000, 220.000000, 140.000000, 260.000000, 140.000000, 240.000000, 180.000000, 265.800000, 263.900000, 
0.63, 0.921954, 200.000000, 100.000000, 240.000000, 100.000000, 280.000000, 100.000000, 220.000000, 140.000000, 260.000000, 140.000000, 240.000000, 180.000000, 266.000000, 263.000000, 
0.63, 0.921954, 200.000000, 100.000000, 240.000000, 100.000000, 280.000000, 100.000000, 220.000000, 140.000000, 260.000000, 140.000000, 240.000000, 180.000000, 266.200000, 262.100000, 
0.63, 0.921954, 200.000000, 100.000000, 240.000000, 100.000000, 280.000000, 100.000000, 220.000000, 140.000000, 260.000000, 140.000000, 240.000000, 180.000000, 266.400000, 261.200000, 
0.68, 0.921954, 200.000000, 100.000000, 240.000000, 100.000000, 280.000000, 100.000000, 220.000000, 140.000000, 260.000000, 140.000000, 240.000000, 180.000000, 266.600000, 260.300000, 
0.68, 0.921954, 200.000000, 100.000000, 240.000000, 100.000000, 280.000000, 100.000000, 220.000000, 140.000000, 260.000000, 140.000000, 240.000000, 180.000000, 266.800000, 259.400000, 
0.68, 0.921954, 200.000000, 100.000000, 240.000000, 100.000000, 280.000000, 100.000000, 220.000000, 140.000000, 260.000000, 140.000000, 240.000000, 180.000000, 267.000000, 258.500000, 
0.68, 0.921954, 200.000000, 100.000000, 240.000000, 100.000000, 280.000000, 100.000000, 220.000000, 140.000000, 260.000000, 140.000000, 240.000000, 180.000000, 267.200000, 257.600000, 
0.69, 0.921954, 200.000000, 100.000000, 240.000000, 100.000000, 280.000000, 100.000000, 220.000000, 140.000000, 260.000000, 140.000000, 240.000000, 180.000000, 267.400000, 256.700000, 
0.69, 0.921954, 200.000000, 100.000000, 240.000000, 100.000000, 280.000000, 100.000000, 220.000000, 140.000000, 260.000000, 140.000000, 240.000000, 180.000000, 267.600000, 255.800000, 
0.69, 0.921954, 200.000000, 100.000000, 240.000000, 100.000000, 280.000000, 100.000000, 220.000000, 140.000000, 260.000000, 140.000000, 240.000000, 180.000000, 267.800000, 254.900000, 
0.69, 0.921954, 200.000000, 100.000000, 240.000000, 100.000000, 280.000000, 100.000000, 220.000000, 140.000000, 260.000000, 140.000000, 240.000000, 180.000000, 268.000000, 254.000000, 
0.69, 0.921954, 200.000000, 100.000000, 240.000000, 100.000000, 280.000000, 100.000000, 220.000000, 140.000000, 260.000000, 140.000000, 240.000000, 180.000000, 268.200000, 253.100000, 
0.69, 0.921954, 200.000000, 100.000000, 240.000000, 100.000000, 280.000000, 100.000000, 220.000000, 140.000000, 260.000000, 140.000000, 240.000000, 180.000000, 268.400000, 252.200000, 
0.69, 0.921954, 200.000000, 100.000000, 240.000000, 100.000000, 280.000000, 100.000000, 220.000000, 140.000000, 260.000000, 140.000000, 240.000000, 180.000000, 268.600000, 251.300000, 
0.70, 0.921954, 200.000000, 100.000000, 240.000000, 100.000000, 280.000000, 100.000000, 220.000000, 140.000000, 260.000000, 140.000000, 240.000000, 180.000000, 268.800000, 250.400000, 
0.74, 0.921954, 200.000000, 100.000000, 240.000000, 100.000000, 280.000000, 100.000000, 220.000000, 140.000000, 260.000000, 140.000000, 240.000000, 180.000000, 269.000000, 249.500000, 
0.74, 0.921954, 200.000000, 100.000000, 240.000000, 100.000000, 280.000000, 100.000000, 220.000000, 140.000000, 260.000000, 140.000000, 240.000000, 180.000000, 269.200000, 248.600000, 
0.75, 0.921954, 200.000000, 100.000000, 240.000000, 100.000000, 280.000000, 100.000000, 220.000000, 140.000000, 260.000000, 140.000000, 240.000000, 180.000000, 269.400000, 247.700000, 
0.75, 0.921954, 200.000000, 100.000000, 240.000000, 100.000000, 280.000000, 100.000000, 220.000000, 140.000000, 260.000000, 140.000000, 240.000000, 180.000000, 269.600000, 246.800000, 
0.75, 0.921954, 200.000000, 100.000000, 240.000000, 100.000000, 280.000000, 100.000000, 220.000000, 140.000000, 260.000000, 140.000000, 240.000000, 180.000000, 269.800000, 245.900000, 
0.75, 0.921954, 200.000000, 100.000000, 240.000000, 100.000000, 280.000000, 100.000000, 220.000000, 140.000000, 260.000000, 140.000000, 240.000000, 180.000000, 270.000000, 245.000000, 
0.75, 0.921954, 200.000000, 100.000000, 240.000000, 100.000000, 280.000000, 100.000000, 220.000000, 140.000000, 260.000000, 140.000000, 240.000000, 180.000000, 270.200000, 244.100000, 
0.75, 0.921954, 200.000000, 100.000000, 240.000000, 100.000000, 280.000000, 100.000000, 220.000000, 140.000000, 260.000000, 140.000000, 240.000000, 180.000000, 270.400000, 243.200000, 
0.75, 0.921954, 200.000000, 100.000000, 240.000000, 100.000000, 280.000000, 100.000000, 220.000000, 140.000000, 260.000000, 140.000000, 240.000000, 180.000000, 270.600000, 242.300000, 
0.76, 0.921954, 200.000000, 100.000000, 240.000000, 100.000000, 280.000000, 100.000000, 220.000000, 140.000000, 260.000000, 140.000000, 240.000000, 180.000000, 270.800000, 241.400000, 
0.76, 0.921954, 200.000000, 100.000000, 240.000000, 100.000000, 280.000000, 100.000000, 220.000000, 140.000000, 260.000000, 140.000000, 240.000000, 180.000000, 271.000000, 240.500000, 
0.76, 0.921954, 200.000000, 100.000000, 240.000000, 100.000000, 280.000000, 100.000000, 220.000000, 140.000000, 260.000000, 140.000000, 240.000000, 180.000000, 271.200000, 239.600000, 
0.81, 0.921954, 200.000000, 100.000000, 240.000000, 100.000000, 280.000000, 100.000000, 220.000000, 140.000000, 260.000000, 140.000000, 240.000000, 180.000000, 271.400000, 238.700000, 
0.81, 0.921954, 200.000000, 100.000000, 240.000000, 100.000000, 280.000000, 100.000000, 220.000000, 140.000000, 260.000000, 140.000000, 240.000000, 180.000000, 271.600000, 237.800000, 
0.81, 0.921954, 200.000000, 100.000000, 240.000000, 100.000000, 280.000000, 100.000000, 220.000000, 140.000000, 260.000000, 140.000000, 240.000000, 180.000000, 271.800000, 236.900000, 
0.81, 0.921954, 200.000000, 100.000000, 240.000000, 100.000000, 280.000000, 100.000000, 220.000000, 140.000000, 260.000000, 140.000000, 240.000000, 180.000000, 272.000000, 236.000000, 
0.81, 0.921954, 200.000000, 100.000000, 240.000000, 100.000000, 280.000000, 100.000000, 220.000000, 140.000000, 260.000000, 140.000000, 240.000000, 180.000000, 272.200000, 235.100000, 
0.81, 0.921954, 200.000000, 100.000000, 240.000000, 100.000000, 280.000000, 100.000000, 220.000000, 140.000000, 260.000000, 140.000000, 240.000000, 180.000000, 272.400000, 234.200000, 
0.82, 0.921954, 200.000000, 100.000000, 240.000000, 100.000000, 280.000000, 100.000000, 220.000000, 140.000000, 260.000000, 140.000000, 240.000000, 180.000000, 272.600000, 233.300000, 
0.82, 0.921954, 200.000000, 100.000000, 240.000000, 100.000000, 280.000000, 100.000000, 220.000000, 140.000000, 260.000000, 140.000000, 240.000000, 180.000000, 272.800000, 232.400000, 
0.82, 0.921954, 200.000000, 100.000000, 240.000000, 100.000000, 280.000000, 100.000000, 220.000000, 140.000000, 260.000000, 140.000000, 240.000000, 180.000000, 273.000000, 231.500000, 
0.82, 0.921954, 200.000000, 100.000000, 240.000000, 100.000000, 280.000000, 100.000000, 220.000000, 140.000000, 260.000000, 140.000000, 240.000000, 180.000000, 273.200000, 230.600000, 
0.82, 0.921954, 200.000000, 100.000000, 240.000000, 100.000000, 280.000000, 100.000000, 220.000000, 140.000000, 260.000000, 140.000000, 240.000000, 180.000000, 273.400000, 229.700000, 
0.82, 0.921954, 200.000000, 100.000000, 240.000000, 100.000000, 280.000000, 100.000000, 220.000000, 140.000000, 260.000000, 140.000000, 240.000000, 180.000000, 273.600000, 228.800000, 
0.87, 0.921954, 200.000000, 100.000000, 240.000000, 100.000000, 280.000000, 100.000000, 220.000000, 140.000000, 260.000000, 140.000000, 240.000000, 180.000000, 273.800000, 227.900000, 
0.87, 0.921954, 200.000000, 100.000000, 240.000000, 100.000000, 280.000000, 100.000000, 220.000000, 140.000000, 260.000000, 140.000000, 240.000000, 180.000000, 274.000000, 227.000000, 
0.87, 0.921954, 200.000000, 100.000000, 240.000000, 100.000000, 280.000000, 100.000000, 220.000000, 140.000000, 260.000000, 140.000000, 240.000000, 180.000000, 274.200000, 226.100000, 
0.87, 0.921954, 200.000000, 100.000000, 240.000000, 100.000000, 280.000000, 100.000000, 220.000000, 140.000000, 260.000000, 140.000000, 240.000000, 180.000000, 274.400000, 225.200000, 
0.88, 0.921954, 200.000000, 100.000000, 240.000000, 100.000000, 280.000000, 100.000000, 220.000000, 140.000000, 260.000000, 140.000000, 240.000000, 180.000000, 274.600000, 224.300000, 
0.88, 0.921954, 200.000000, 100.000000, 240.000000, 100.000000, 280.000000, 100.000000, 220.000000, 140.000000, 260.000000, 140.000000, 240.000000, 180.000000, 274.800000, 223.400000, 
0.88, 0.921954, 200.000000, 100.000000, 240.000000, 100.000000, 280.000000, 100.000000, 220.000000, 140.000000, 260.000000, 140.000000, 240.000000, 180.000000, 275.000000, 222.500000, 
0.88, 0.921954, 200.000000, 100.000000, 240.000000, 100.000000, 280.000000, 100.000000, 220.000000, 140.000000, 260.000000, 140.000000, 240.000000, 180.000000, 275.200000, 221.600000, 
0.88, 0.921954, 200.000000, 100.000000, 240.000000, 100.000000, 280.000000, 100.000000, 220.000000, 140.000000, 260.000000, 140.000000, 240.000000, 180.000000, 275.400000, 220.700000, 
0.88, 0.921954, 200.000000, 100.000000, 240.000000, 100.000000, 280.000000, 100.000000, 220.000000, 140.000000, 260.000000, 140.000000, 240.000000, 180.000000, 275.600000, 219.800000, 
0.89, 0.921954, 200.000000, 100.000000, 240.000000, 100.000000, 280.000000, 100.000000, 220.000000, 140.000000, 260.000000, 140.000000, 240.000000, 180.000000, 275.800000, 218.900000, 
0.89, 0.921954, 200.000000, 100.000000, 240.000000, 100.000000, 280.000000, 100.000000, 220.000000, 140.000000, 260.000000, 140.000000, 240.000000, 180.000000, 276.000000, 218.000000, 
0.93, 0.921954, 200.000000, 100.000000, 240.000000, 100.000000, 280.000000, 100.000000, 220.000000, 140.000000, 260.000000, 140.000000, 240.000000, 180.000000, 276.200000, 217.100000, 
0.93, 0.921954, 200.000000, 100.000000, 240.000000, 100.000000, 280.000000, 100.000000, 220.000000, 140.000000, 260.000000, 140.000000, 240.000000, 180.000000, 276.400000, 216.200000, 
0.93, 0.921954, 200.000000, 100.000000, 240.000000, 100.000000, 280.000000, 100.000000, 220.000000, 140.000000, 260.000000, 140.000000, 240.000000, 180.000000, 276.600000, 215.300000, 
0.93, 0.921954, 200.000000, 100.000000, 240.000000, 100.000000, 280.000000, 100.000000, 220.000000, 140.000000, 260.000000, 140.000000, 240.000000, 180.000000, 276.800000, 214.400000, 
0.94, 0.921954, 200.000000, 100.000000, 240.000000, 100.000000, 280.000000, 100.000000, 220.000000, 140.000000, 260.000000, 140.000000, 240.000000, 180.000000, 277.000000, 213.500000, 
0.94, 0.921954, 200.000000, 100.000000, 240.000000, 100.000000, 280.000000, 100.000000, 220.000000, 140.000000, 260.000000, 140.000000, 240.000000, 180.000000, 277.200000, 212.600000, 
0.94, 0.921954, 200.000000, 100.000000, 240.000000, 100.000000, 280.000000, 100.000000, 220.000000, 140.000000, 260.000000, 140.000000, 240.000000, 180.000000, 277.400000, 211.700000, 
0.94, 0.921954, 200.000000, 100.000000, 240.000000, 100.000000, 280.000000, 100.000000, 220.000000, 140.000000, 260.000000, 140.000000, 240.000000, 180.000000, 277.600000, 210.800000, 
0.94, 0.921954, 200.000000, 100.000000, 240.000000, 100.000000, 280.000000, 100.000000, 220.000000, 140.000000, 260.000000, 140.000000, 240.000000, 180.000000, 277.800000, 209.900000, 
0.94, 0.921954, 200.000000, 100.000000, 240.000000, 100.000000, 280.000000, 100.000000, 220.000000, 140.000000, 260.000000, 140.000000, 240.000000, 180.000000, 278.000000, 209.000000, 
0.94, 0.921954, 200.000000, 100.000000, 240.000000, 100.000000, 280.000000, 100.000000, 220.000000, 140.000000, 260.000000, 140.000000, 240.000000, 180.000000, 278.200000, 208.100000, 
0.95, 0.921954, 200.000000, 100.000000, 240.000000, 100.000000, 280.000000, 100.000000, 220.000000, 140.000000, 260.000000, 140.000000, 240.000000, 180.000000, 278.400000, 207.200000, 
0.99, 0.921954, 200.000000, 100.000000, 240.000000, 100.000000, 280.000000, 100.000000, 220.000000, 140.000000, 260.000000, 140.000000, 240.000000, 180.000000, 278.600000, 206.300000, 
0.99, 0.921954, 200.000000, 100.000000, 240.000000, 100.000000, 280.000000, 100.000000, 220.000000, 140.000000, 260.000000, 140.000000, 240.000000, 180.000000, 278.800000, 205.400000, 
1.00, 0.921954, 200.000000, 100.000000, 240.000000, 100.000000, 280.000000, 100.000000, 220.000000, 140.000000, 260.000000, 140.000000, 240.000000, 180.000000, 279.000000, 204.500000, 
1.00, 0.921954, 200.000000, 100.000000, 240.000000, 100.000000, 280.000000, 100.000000, 220.000000, 140.000000, 260.000000, 140.000000, 240.000000, 180.000000, 279.200000, 203.600000, 
1.00, 0.921954, 200.000000, 100.000000, 240.000000, 100.000000, 280.000000, 100.000000, 220.000000, 140.000000, 260.000000, 140.000000, 240.000000, 180.000000, 279.400000, 202.700000, 
1.00, 0.921954, 200.000000, 100.000000, 240.000000, 100.000000, 280.000000, 100.000000, 220.000000, 140.000000, 260.000000, 140.000000, 240.000000, 180.000000, 279.600000, 201.800000, 
1.00, 0.921954, 200.000000, 100.000000, 240.000000, 100.000000, 280.000000, 100.000000, 220.000000, 140.000000, 260.000000, 140.000000, 240.000000, 180.000000, 279.800000, 200.900000, 
1.00, 0.921954, 200.000000, 100.000000, 240.000000, 100.000000, 280.000000, 100.000000, 220.000000, 140.000000, 260.000000, 140.000000, 240.000000, 180.000000, 280.000000, 200.000000, 
1.00, 0.921954, 200.000000, 100.000000, 240.000000, 100.000000, 280.000000, 100.000000, 220.000000, 140.000000, 260.000000, 140.000000, 240.000000, 180.000000, 280.200000, 199.100000, 
1.00, 0.921954, 200.000000, 100.000000, 240.000000, 100.000000, 280.000000, 100.000000, 220.000000, 140.000000, 260.000000, 140.000000, 240.000000, 180.000000, 280.400000, 198.200000, 
1.01, 0.921954, 200.000000, 100.000000, 240.000000, 100.000000, 280.000000, 100.000000, 220.000000, 140.000000, 260.000000, 140.000000, 240.000000, 180.000000, 280.600000, 197.300000, 
1.01, 0.921954, 200.000000, 100.000000, 240.000000, 100.000000, 280.000000, 100.000000, 220.000000, 140.000000, 260.000000, 140.000000, 240.000000, 180.000000, 280.800000, 196.400000, 
1.06, 0.921954, 200.000000, 100.000000, 240.000000, 100.000000, 280.000000, 100.000000, 220.000000, 140.000000, 260.000000, 140.000000, 240.000000, 180.000000, 281.000000, 195.500000, 
1.06, 0.921954, 200.000000, 100.000000, 240.000000, 100.000000, 280.000000, 100.000000, 220.000000, 140.000000, 260.000000, 140.000000, 240.000000, 180.000000, 281.200000, 194.600000, 
1.06, 0.921954, 200.000000, 100.000000, 240.000000, 100.000000, 280.000000, 100.000000, 220.000000, 140.000000, 260.000000, 140.000000, 240.000000, 180.000000, 281.400000, 193.700000, 
1.06, 0.921954, 200.000000, 100.000000, 240.000000, 100.000000, 280.000000, 100.000000, 220.000000, 140.000000, 260.000000, 140.000000, 240.000000, 180.000000, 281.600000, 192.800000, 
1.06, 0.921954, 200.000000, 100.000000, 240.000000, 100.000000, 280.000000, 100.000000, 220.000000, 140.000000, 260.000000, 140.000000, 240.000000, 180.000000, 281.800000, 191.900000, 
1.06, 0.921954, 200.000000, 100.000000, 240.000000, 100.000000, 280.000000, 100.000000, 220.000000, 140.000000, 260.000000, 140.000000, 240.000000, 180.000000, 282.000000, 191.000000, 
1.07, 0.921954, 200.000000, 100.000000, 240.000000, 100.000000, 280.000000, 100.000000, 220.000000, 140.000000, 260.000000, 140.000000, 240.000000, 180.000000, 282.200000, 190.100000, 
1.07, 0.921954, 200.000000, 100.000000, 240.000000, 100.000000, 280.000000, 100.000000, 220.000000, 140.000000, 260.000000, 140.000000, 240.000000, 180.000000, 282.400000, 189.200000, 
1.07, 0.921954, 200.000000, 100.000000, 240.000000, 100.000000, 280.000000, 100.000000, 220.000000, 140.000000, 260.000000, 140.000000, 240.000000, 180.000000, 282.600000, 188.300000, 
1.07, 0.921954, 200.000000, 100.000000, 240.000000, 100.000000, 280.000000, 100.000000, 220.000000, 140.000000, 260.000000, 140.000000, 240.000000, 180.000000, 282.800000, 187.400000, 
1.07, 0.921954, 200.000000, 100.000000, 240.000000, 100.000000, 280.000000, 100.000000, 220.000000, 140.000000, 260.000000, 140.000000, 240.000000, 180.000000, 283.000000, 186.500000, 
1.07, 0.921954, 200.000000, 100.000000, 240.000000, 100.000000, 280.000000, 100.000000, 220.000000, 140.000000, 260.000000, 140.000000, 240.000000, 180.000000, 283.200000, 185.600000, 
1.12, 0.921954, 200.000000, 100.000000, 240.000000, 100.000000, 280.000000, 100.000000, 220.000000, 140.000000, 260.000000, 140.000000, 240.000000, 180.000000, 283.400000, 184.700000, 
1.12, 0.921954, 200.000000, 100.000000, 240.000000, 100.000000, 280.000000, 100.000000, 220.000000, 140.000000, 260.000000, 140.000000, 240.000000, 180.000000, 283.600000, 183.800000, 
1.12, 0.921954, 200.000000, 100.000000, 240.000000, 100.000000, 280.000000, 100.000000, 220.000000, 140.000000, 260.000000, 140.000000, 240.000000, 180.000000, 283.800000, 182.900000, 
1.12, 0.921954, 200.000000, 100.000000, 240.000000, 100.000000, 280.000000, 100.000000, 220.000000, 140.000000, 260.000000, 140.000000, 240.000000, 180.000000, 284.000000, 182.000000, 
1.13, 0.921954, 200.000000, 100.000000, 240.000000, 100.000000, 280.000000, 100.000000, 220.000000, 140.000000, 260.000000, 140.000000, 240.000000, 180.000000, 284.200000, 181.100000, 
1.13, 0.921954, 200.000000, 100.000000, 240.000000, 100.000000, 280.000000, 100.000000, 220.000000, 140.000000, 260.000000, 140.000000, 240.000000, 180.000000, 284.400000, 180.200000, 
1.13, 0.921954, 200.000000, 100.000000, 240.000000, 100.000000, 280.000000, 100.000000, 220.000000, 140.000000, 260.000000, 140.000000, 240.000000, 180.000000, 284.600000, 179.300000, 
1.13, 0.921954, 200.000000, 100.000000, 240.000000, 100.000000, 280.000000, 100.000000, 220.000000, 140.000000, 260.000000, 140.000000, 240.000000, 180.000000, 284.800000, 178.400000, 
1.13, 0.921954, 200.000000, 100.000000, 240.000000, 100.000000, 280.000000, 100.000000, 220.000000, 140.000000, 260.000000, 140.000000, 240.000000, 180.000000, 285.000000, 177.500000, 
1.13, 0.921954, 200.000000, 100.000000, 240.000000, 100.000000, 280.000000, 100.000000, 220.000000, 140.000000, 260.000000, 140.000000, 240.000000, 180.000000, 285.200000, 176.600000, 
1.13, 0.921954, 200.000000, 100.000000, 240.000000, 100.000000, 280.000000, 100.000000, 220.000000, 140.000000, 260.000000, 140.000000, 240.000000, 180.000000, 285.400000, 175.700000, 
1.13, 0.921954, 200.000000, 100.000000, 240.000000, 100.000000, 280.000000, 100.000000, 220.000000, 140.000000, 260.000000, 140.000000, 240.000000, 180.000000, 285.600000, 174.800000, 
1.18, 0.921954, 200.000000, 100.000000, 240.000000, 100.000000, 280.000000, 100.000000, 220.000000, 140.000000, 260.000000, 140.000000, 240.000000, 180.000000, 285.800000, 173.900000, 
1.18, 0.921954, 200.000000, 100.000000, 240.000000, 100.000000, 280.000000, 100.000000, 220.000000, 140.000000, 260.000000, 140.000000, 240.000000, 180.000000, 286.000000, 173.000000, 
1.19, 0.921954, 200.000000, 100.000000, 240.000000, 100.000000, 280.000000, 100.000000, 220.000000, 140.000000, 260.000000, 140.000000, 240.000000, 180.000000, 286.200000, 172.100000, 
1.19, 0.921954, 200.000000, 100.000000, 240.000000, 100.000000, 280.000000, 100.000000, 220.000000, 140.000000, 260.000000, 140.000000, 240.000000, 180.000000, 286.400000, 171.200000, 
1.19, 0.921954, 200.000000, 100.000000, 240.000000, 100.000000, 280.000000, 100.000000, 220.000000, 140.000000, 260.000000, 140.000000, 240.000000, 180.000000, 286.600000, 170.300000, 
1.19, 0.921954, 200.000000, 100.000000, 240.000000, 100.000000, 280.000000, 100.000000, 220.000000, 140.000000, 260.200000, 139.100000, 240.000000, 180.000000, 286.600000, 170.300000, 
1.19, 0.921954, 200.000000, 100.000000, 240.000000, 100.000000, 280.000000, 100.000000, 220.000000, 140.000000, 260.400000, 138.200000, 240.000000, 180.000000, 286.600000, 170.300000, 
1.19, 0.921954, 200.000000, 100.000000, 240.000000, 100.000000, 280.000000, 100.000000, 220.000000, 140.000000, 260.600000, 137.300000, 240.000000, 180.000000, 286.600000, 170.300000, 
1.19, 0.921954, 200.000000, 100.000000, 240.000000, 100.000000, 280.000000, 100.000000, 220.000000, 140.000000, 260.800000, 136.400000, 240.000000, 180.000000, 286.600000, 170.300000, 
1.20, 0.921954, 200.000000, 100.000000, 240.000000, 100.000000, 280.000000, 100.000000, 220.000000, 140.000000, 261.000000, 135.500000, 240.000000, 180.000000, 286.600000, 170.300000, 
1.20, 0.921954, 200.000000, 100.000000, 240.000000, 100.000000, 280.200000, 99.100000, 220.000000, 140.000000, 261.000000, 135.500000, 240.000000, 180.000000, 286.600000, 170.300000, 
1.20, 0.921954, 200.000000, 100.000000, 240.000000, 100.000000, 280.400000, 98.200000, 220.000000, 140.000000, 261.000000, 135.500000, 240.000000, 180.000000, 286.600000, 170.300000, 
1.24, 0.921954, 200.000000, 100.000000, 240.000000, 100.000000, 280.600000, 97.300000, 220.000000, 140.000000, 261.000000, 135.500000, 240.000000, 180.000000, 286.600000, 170.300000, 
1.24, 0.921954, 200.000000, 100.000000, 240.000000, 100.000000, 280.800000, 96.400000, 220.000000, 140.000000, 261.000000, 135.500000, 240.000000, 180.000000, 286.600000, 170.300000, 
1.25, 0.921954, 200.000000, 100.000000, 240.000000, 100.000000, 281.000000, 95.500000, 220.000000, 140.000000, 261.000000, 135.500000, 240.000000, 180.000000, 286.600000, 170.300000, 
1.25, 0.921954, 200.000000, 100.000000, 240.000000, 100.000000, 281.200000, 94.600000, 220.000000, 140.000000, 261.000000, 135.500000, 240.000000, 180.000000, 286.600000, 170.300000, 
1.25, 0.921954, 200.000000, 100.000000, 240.000000, 100.000000, 281.400000, 93.700000, 220.000000, 140.000000, 261.000000, 135.500000, 240.000000, 180.000000, 286.600000, 170.300000, 
1.25, 0.921954, 200.000000, 100.000000, 240.000000, 100.000000, 281.600000, 92.800000, 220.000000, 140.000000, 261.000000, 135.500000, 240.000000, 180.000000, 286.600000, 170.300000, 
1.25, 0.921954, 200.000000, 100.000000, 240.000000, 100.000000, 281.800000, 91.900000, 220.000000, 140.000000, 261.000000, 135.500000, 240.000000, 180.000000, 286.600000, 170.300000, 
1.25, 0.921954, 200.000000, 100.000000, 240.000000, 100.000000, 282.000000, 91.000000, 220.000000, 140.000000, 261.000000, 135.500000, 240.000000, 180.000000, 286.600000, 170.300000, 
1.25, 0.921954, 200.000000, 100.000000, 240.000000, 100.000000, 282.200000, 90.100000, 220.000000, 140.000000, 261.000000, 135.500000, 240.000000, 180.000000, 286.600000, 170.300000, 
1.25, 0.921954, 200.000000, 100.000000, 240.000000, 100.000000, 282.400000, 89.200000, 220.000000, 140.000000, 261.000000, 135.500000, 240.000000, 180.000000, 286.600000, 170.300000, 
1.25, 0.921954, 200.000000, 100.000000, 240.000000, 100.000000, 282.600000, 88.300000, 220.000000, 140.000000, 261.000000, 135.500000, 240.000000, 180.000000, 286.600000, 170.300000, 
1.26, 0.921954, 200.000000, 100.000000, 240.000000, 100.000000, 282.800000, 87.400000, 220.000000, 140.000000, 261.000000, 135.500000, 240.000000, 180.000000, 286.600000, 170.300000, 
1.30, 0.921954, 200.000000, 100.000000, 240.000000, 100.000000, 283.000000, 86.500000, 220.000000, 140.000000, 261.000000, 135.500000, 240.000000, 180.000000, 286.600000, 170.300000, 
1.31, 0.921954, 200.000000, 100.000000, 240.000000, 100.000000, 283.200000, 85.600000, 220.000000, 140.000000, 261.000000, 135.500000, 240.000000, 180.000000, 286.600000, 170.300000, 
1.31, 0.921954, 200.000000, 100.000000, 240.000000, 100.000000, 283.400000, 84.700000, 220.000000, 140.000000, 261.000000, 135.500000, 240.000000, 180.000000, 286.600000, 170.300000, 
1.31, 0.921954, 200.000000, 100.000000, 240.000000, 100.000000, 283.600000, 83.800000, 220.000000, 140.000000, 261.000000, 135.500000, 240.000000, 180.000000, 286.600000, 170.300000, 
1.31, 0.921954, 200.000000, 100.000000, 240.000000, 100.000000, 283.800000, 82.900000, 220.000000, 140.000000, 261.000000, 135.500000, 240.000000, 180.000000, 286.600000, 170.300000, 
1.31, 0.921954, 200.000000, 100.000000, 240.000000, 100.000000, 284.000000, 82.000000, 220.000000, 140.000000, 261.000000, 135.500000, 240.000000, 180.000000, 286.600000, 170.300000, 
1.31, 0.921954, 200.000000, 100.000000, 240.000000, 100.000000, 284.200000, 81.100000, 220.000000, 140.000000, 261.000000, 135.500000, 240.000000, 180.000000, 286.600000, 170.300000, 
1.31, 0.921954, 200.000000, 100.000000, 240.000000, 100.000000, 284.400000, 80.200000, 220.000000, 140.000000, 261.000000, 135.500000, 240.000000, 180.000000, 286.600000, 170.300000, 
1.31, 0.921954, 200.000000, 100.000000, 240.000000, 100.000000, 284.600000, 79.300000, 220.000000, 140.000000, 261.000000, 135.500000, 240.000000, 180.000000, 286.600000, 170.300000, 
1.32, 0.921954, 200.000000, 100.000000, 240.000000, 100.000000, 284.800000, 78.400000, 220.000000, 140.000000, 261.000000, 135.500000, 240.000000, 180.000000, 286.600000, 170.300000, 
1.32, 0.921954, 200.000000, 100.000000, 240.000000, 100.000000, 285.000000, 77.500000, 220.000000, 140.000000, 261.000000, 135.500000, 240.000000, 180.000000, 286.600000, 170.300000, 
1.32, 0.921954, 200.000000, 100.000000, 240.000000, 100.000000, 285.200000, 76.600000, 220.000000, 140.000000, 261.000000, 135.500000, 240.000000, 180.000000, 286.600000, 170.300000, 
1.37, 0.921954, 200.000000, 100.000000, 240.000000, 100.000000, 285.400000, 75.700000, 220.000000, 140.000000, 261.000000, 135.500000, 240.000000, 180.000000, 286.600000, 170.300000, 
1.37, 0.921954, 200.000000, 100.000000, 240.000000, 100.000000, 285.600000, 74.800000, 220.000000, 140.000000, 261.000000, 135.500000, 240.000000, 180.000000, 286.600000, 170.300000, 
1.37, 0.921954, 200.000000, 100.000000, 240.000000, 100.000000, 285.800000, 73.900000, 220.000000, 140.000000, 261.000000, 135.500000, 240.000000, 180.000000, 286.600000, 170.300000, 
1.37, 0.921954, 200.000000, 100.000000, 240.000000, 100.000000, 286.000000, 73.000000, 220.000000, 140.000000, 261.000000, 135.500000, 240.000000, 180.000000, 286.600000, 170.300000, 
1.38, 0.921954, 200.000000, 100.000000, 240.000000, 100.000000, 286.200000, 72.100000, 220.000000, 140.000000, 261.000000, 135.500000, 240.000000, 180.000000, 286.600000, 170.300000, 
1.38, 0.921954, 200.000000, 100.000000, 240.000000, 100.000000, 286.400000, 71.200000, 220.000000, 140.000000, 261.000000, 135.500000, 240.000000, 180.000000, 286.600000, 170.300000, 
1.38, 0.921954, 200.000000, 100.000000, 240.000000, 100.000000, 286.600000, 70.300000, 220.000000, 140.000000, 261.000000, 135.500000, 240.000000, 180.000000, 286.600000, 170.300000, 
1.38, 0.921954, 200.000000, 100.000000, 240.000000, 100.000000, 286.800000, 69.400000, 220.000000, 140.000000, 261.000000, 135.500000, 240.000000, 180.000000, 286.600000, 170.300000, 
1.38, 0.921954, 200.000000, 100.000000, 240.000000, 100.000000, 287.000000, 68.500000, 220.000000, 140.000000, 261.000000, 135.500000, 240.000000, 180.000000, 286.600000, 170.300000, 
1.38, 0.921954, 200.000000, 100.000000, 240.000000, 100.000000, 287.200000, 67.600000, 220.000000, 140.000000, 261.000000, 135.500000, 240.000000, 180.000000, 286.600000, 170.300000, 
1.38, 0.921954, 200.000000, 100.000000, 240.000000, 100.000000, 287.400000, 66.700000, 220.000000, 140.000000, 261.000000, 135.500000, 240.000000, 180.000000, 286.600000, 170.300000, 
1.38, 0.921954, 200.000000, 100.000000, 240.000000, 100.000000, 287.600000, 65.800000, 220.000000, 140.000000, 261.000000, 135.500000, 240.000000, 180.000000, 286.600000, 170.300000, 
1.43, 0.921954, 200.000000, 100.000000, 240.000000, 100.000000, 287.800000, 64.900000, 220.000000, 140.000000, 261.000000, 135.500000, 240.000000, 180.000000, 286.600000, 170.300000, 
1.43, 0.921954, 200.000000, 100.000000, 240.000000, 100.000000, 288.000000, 64.000000, 220.000000, 140.000000, 261.000000, 135.500000, 240.000000, 180.000000, 286.600000, 170.300000, 
1.44, 0.921954, 200.000000, 100.000000, 240.000000, 100.000000, 288.200000, 63.100000, 220.000000, 140.000000, 261.000000, 135.500000, 240.000000, 180.000000, 286.600000, 170.300000, 
1.44, 0.921954, 200.000000, 100.000000, 240.000000, 100.000000, 288.400000, 62.200000, 220.000000, 140.000000, 261.000000, 135.500000, 240.000000, 180.000000, 286.600000, 170.300000, 
1.44, 0.921954, 200.000000, 100.000000, 240.000000, 100.000000, 288.600000, 61.300000, 220.000000, 140.000000, 261.000000, 135.500000, 240.000000, 180.000000, 286.600000, 170.300000, 
1.44, 0.921954, 200.000000, 100.000000, 240.000000, 100.000000, 288.800000, 60.400000, 220.000000, 140.000000, 261.000000, 135.500000, 240.000000, 180.000000, 286.600000, 170.300000, 
1.44, 0.921954, 200.000000, 100.000000, 240.000000, 100.000000, 289.000000, 59.500000, 220.000000, 140.000000, 261.000000, 135.500000, 240.000000, 180.000000, 286.600000, 170.300000, 
1.44, 0.921954, 200.000000, 100.000000, 240.000000, 100.000000, 289.200000, 58.600000, 220.000000, 140.000000, 261.000000, 135.500000, 240.000000, 180.000000, 286.600000, 170.300000, 
1.44, 0.921954, 200.000000, 100.000000, 240.000000, 100.000000, 289.400000, 57.700000, 220.000000, 140.000000, 261.000000, 135.500000, 240.000000, 180.000000, 286.600000, 170.300000, 
1.44, 0.921954, 200.000000, 100.000000, 240.000000, 100.000000, 289.600000, 56.800000, 220.000000, 140.000000, 261.000000, 135.500000, 240.000000, 180.000000, 286.600000, 170.300000, 
1.45, 0.921954, 200.000000, 100.000000, 240.000000, 100.000000, 289.800000, 55.900000, 220.000000, 140.000000, 261.000000, 135.500000, 240.000000, 180.000000, 286.600000, 170.300000, 
1.45, 0.921954, 200.000000, 100.000000, 240.000000, 100.000000, 290.000000, 55.000000, 220.000000, 140.000000, 261.000000, 135.500000, 240.000000, 180.000000, 286.600000, 170.300000, 
1.50, 0.921954, 200.000000, 100.000000, 240.000000, 100.000000, 290.200000, 54.100000, 220.000000, 140.000000, 261.000000, 135.500000, 240.000000, 180.000000, 286.600000, 170.300000, 
1.50, 0.921954, 200.000000, 100.000000, 240.000000, 100.000000, 290.400000, 53.200000, 220.000000, 140.000000, 261.000000, 135.500000, 240.000000, 180.000000, 286.600000, 170.300000, 
1.50, 0.921954, 200.000000, 100.000000, 240.000000, 100.000000, 290.600000, 52.300000, 220.000000, 140.000000, 261.000000, 135.500000, 240.000000, 180.000000, 286.600000, 170.300000, 
1.50, 0.921954, 200.000000, 100.000000, 240.000000, 100.000000, 290.800000, 51.400000, 220.000000, 140.000000, 261.000000, 135.500000, 240.000000, 180.000000, 286.600000, 170.300000, 
1.50, 0.921954, 200.000000, 100.000000, 240.000000, 100.000000, 291.000000, 50.500000, 220.000000, 140.000000, 261.000000, 135.500000, 240.000000, 180.000000, 286.600000, 170.300000, 
1.50, 0.921954, 200.000000, 100.000000, 240.000000, 100.000000, 291.200000, 49.600000, 220.000000, 140.000000, 261.000000, 135.500000, 240.000000, 180.000000, 286.600000, 170.300000, 
1.50, 0.921954, 200.000000, 100.000000, 240.000000, 100.000000, 291.400000, 48.700000, 220.000000, 140.000000, 261.000000, 135.500000, 240.000000, 180.000000, 286.600000, 170.300000, 
1.50, 0.921954, 200.000000, 100.000000, 240.000000, 100.000000, 291.600000, 47.800000, 220.000000, 140.000000, 261.000000, 135.500000, 240.000000, 180.000000, 286.600000, 170.300000, 
1.50, 0.921954, 200.000000, 100.000000, 240.000000, 100.000000, 291.800000, 46.900000, 220.000000, 140.000000, 261.000000, 135.500000, 240.000000, 180.000000, 286.600000, 170.300000, 
1.51, 0.921954, 200.000000, 100.000000, 240.000000, 100.000000, 292.000000, 46.000000, 220.000000, 140.000000, 261.000000, 135.500000, 240.000000, 180.000000, 286.600000, 170.300000, 
1.51, 0.921954, 200.000000, 100.000000, 240.000000, 100.000000, 292.200000, 45.100000, 220.000000, 140.000000, 261.000000, 135.500000, 240.000000, 180.000000, 286.600000, 170.300000, 
1.51, 0.921954, 200.000000, 100.000000, 240.000000, 100.000000, 292.400000, 44.200000, 220.000000, 140.000000, 261.000000, 135.500000, 240.000000, 180.000000, 286.600000, 170.300000, 
1.55, 0.921954, 200.000000, 100.000000, 240.000000, 100.000000, 292.600000, 43.300000, 220.000000, 140.000000, 261.000000, 135.500000, 240.000000, 180.000000, 286.600000, 170.300000, 
1.56, 0.921954, 200.000000, 100.000000, 240.000000, 100.000000, 292.800000, 42.400000, 220.000000, 140.000000, 261.000000, 135.500000, 240.000000, 180.000000, 286.600000, 170.300000, 
1.56, 0.921954, 200.000000, 100.000000, 240.000000, 100.000000, 293.000000, 41.500000, 220.000000, 140.000000, 261.000000, 135.500000, 240.000000, 180.000000, 286.600000, 170.300000, 
1.56, 0.921954, 200.000000, 100.000000, 240.000000, 100.000000, 293.200000, 40.600000, 220.000000, 140.000000, 261.000000, 135.500000, 240.000000, 180.000000, 286.600000, 170.300000, 
1.56, 0.921954, 200.000000, 100.000000, 240.000000, 100.000000, 293.400000, 39.700000, 220.000000, 140.000000, 261.000000, 135.500000, 240.000000, 180.000000, 286.600000, 170.300000, 
1.56, 0.921954, 200.000000, 100.000000, 240.000000, 100.000000, 293.600000, 38.800000, 220.000000, 140.000000, 261.000000, 135.500000, 240.000000, 180.000000, 286.600000, 170.300000, 
1.56, 0.921954, 200.000000, 100.000000, 240.000000, 100.000000, 293.800000, 37.900000, 220.000000, 140.000000, 261.000000, 135.500000, 240.000000, 180.000000, 286.600000, 170.300000, 
1.56, 0.921954, 200.000000, 100.000000, 240.000000, 100.000000, 294.000000, 37.000000, 220.000000, 140.000000, 261.000000, 135.500000, 240.000000, 180.000000, 286.600000, 170.300000, 
1.57, 0.921954, 200.000000, 100.000000, 240.000000, 100.000000, 294.200000, 36.100000, 220.000000, 140.000000, 261.000000, 135.500000, 240.000000, 180.000000, 286.600000, 170.300000, 
1.57, 0.921954, 200.000000, 100.000000, 240.000000, 100.000000, 294.400000, 35.200000, 220.000000, 140.000000, 261.000000, 135.500000, 240.000000, 180.000000, 286.600000, 170.300000, 
1.57, 0.921954, 200.000000, 100.000000, 240.000000, 100.000000, 294.600000, 34.300000, 220.000000, 140.000000, 261.000000, 135.500000, 240.000000, 180.000000, 286.600000, 170.300000, 
1.57, 0.921954, 200.000000, 100.000000, 240.000000, 100.000000, 294.800000, 33.400000, 220.000000, 140.000000, 261.000000, 135.500000, 240.000000, 180.000000, 286.600000, 170.300000, 
1.62, 0.921954, 200.000000, 100.000000, 240.000000, 100.000000, 295.000000, 32.500000, 220.000000, 140.000000, 261.000000, 135.500000, 240.000000, 180.000000, 286.600000, 170.300000, 
1.62, 0.921954, 200.000000, 100.000000, 240.000000, 100.000000, 295.200000, 31.600000, 220.000000, 140.000000, 261.000000, 135.500000, 240.000000, 180.000000, 286.600000, 170.300000, 
1.62, 0.921954, 200.000000, 100.000000, 240.000000, 100.000000, 295.400000, 30.700000, 220.000000, 140.000000, 261.000000, 135.500000, 240.000000, 180.000000, 286.600000, 170.300000, 
1.62, 0.921954, 200.000000, 100.000000, 240.000000, 100.000000, 295.600000, 29.800000, 220.000000, 140.000000, 261.000000, 135.500000, 240.000000, 180.000000, 286.600000, 170.300000, 
1.63, 0.921954, 200.000000, 100.000000, 240.000000, 100.000000, 295.800000, 28.900000, 220.000000, 140.000000, 261.000000, 135.500000, 240.000000, 180.000000, 286.600000, 170.300000, 
1.63, 0.921954, 200.000000, 100.000000, 240.000000, 100.000000, 296.000000, 28.000000, 220.000000, 140.000000, 261.000000, 135.500000, 240.000000, 180.000000, 286.600000, 170.300000, 
1.63, 0.921954, 200.000000, 100.000000, 240.000000, 100.000000, 296.200000, 27.100000, 220.000000, 140.000000, 261.000000, 135.500000, 240.000000, 180.000000, 286.600000, 170.300000, 
1.63, 0.921954, 200.000000, 100.000000, 240.000000, 100.000000, 296.400000, 26.200000, 220.000000, 140.000000, 261.000000, 135.500000, 240.000000, 180.000000, 286.600000, 170.300000, 
1.63, 0.921954, 200.000000, 100.000000, 240.000000, 100.000000, 296.600000, 25.300000, 220.000000, 140.000000, 261.000000, 135.500000, 240.000000, 180.000000, 286.600000, 170.300000, 
1.64, 0.921954, 200.000000, 100.000000, 240.000000, 100.000000, 296.800000, 24.400000, 220.000000, 140.000000, 261.000000, 135.500000, 240.000000, 180.000000, 286.600000, 170.300000, 
1.64, 0.921954, 200.000000, 100.000000, 240.000000, 100.000000, 297.000000, 23.500000, 220.000000, 140.000000, 261.000000, 135.500000, 240.000000, 180.000000, 286.600000, 170.300000, 
1.64, 0.921954, 200.000000, 100.000000, 240.000000, 100.000000, 297.200000, 22.600000, 220.000000, 140.000000, 261.000000, 135.500000, 240.000000, 180.000000, 286.600000, 170.300000, 
1.68, 0.921954, 200.000000, 100.000000, 240.000000, 100.000000, 297.400000, 21.700000, 220.000000, 140.000000, 261.000000, 135.500000, 240.000000, 180.000000, 286.600000, 170.300000, 
1.68, 0.921954, 200.000000, 100.000000, 240.000000, 100.000000, 297.600000, 20.800000, 220.000000, 140.000000, 261.000000, 135.500000, 240.000000, 180.000000, 286.600000, 170.300000, 
1.69, 0.921954, 200.000000, 100.000000, 240.000000, 100.000000, 297.800000, 21.700000, 220.000000, 140.000000, 261.000000, 135.500000, 240.000000, 180.000000, 286.600000, 170.300000, 
1.69, 0.921954, 200.000000, 100.000000, 240.000000, 100.000000, 298.000000, 22.600000, 220.000000, 140.000000, 261.000000, 135.500000, 240.000000, 180.000000, 286.600000, 170.300000, 
1.69, 0.921954, 200.000000, 100.000000, 240.000000, 100.000000, 298.200000, 23.500000, 220.000000, 140.000000, 261.000000, 135.500000, 240.000000, 180.000000, 286.600000, 170.300000, 
1.69, 0.921954, 200.000000, 100.000000, 240.000000, 100.000000, 298.400000, 24.400000, 220.000000, 140.000000, 261.000000, 135.500000, 240.000000, 180.000000, 286.600000, 170.300000, 
1.69, 0.921954, 200.000000, 100.000000, 240.000000, 100.000000, 298.600000, 25.300000, 220.000000, 140.000000, 261.000000, 135.500000, 240.000000, 180.000000, 286.600000, 170.300000, 
1.69, 0.921954, 200.000000, 100.000000, 240.000000, 100.000000, 298.800000, 26.200000, 220.000000, 140.000000, 261.000000, 135.500000, 240.000000, 180.000000, 286.600000, 170.300000, 
1.69, 0.921954, 200.000000, 100.000000, 240.000000, 100.000000, 299.000000, 27.100000, 220.000000, 140.000000, 261.000000, 135.500000, 240.000000, 180.000000, 286.600000, 170.300000, 
1.70, 0.921954, 200.000000, 100.000000, 240.000000, 100.000000, 299.200000, 28.000000, 220.000000, 140.000000, 261.000000, 135.500000, 240.000000, 180.000000, 286.600000, 170.300000, 
1.70, 0.921954, 200.000000, 100.000000, 240.000000, 100.000000, 299.400000, 28.900000, 220.000000, 140.000000, 261.000000, 135.500000, 240.000000, 180.000000, 286.600000, 170.300000, 
1.70, 0.921954, 200.000000, 100.000000, 240.000000, 100.000000, 299.600000, 29.800000, 220.000000, 140.000000, 261.000000, 135.500000, 240.000000, 180.000000, 286.600000, 170.300000, 
1.74, 0.921954, 200.000000, 100.000000, 240.000000, 100.000000, 299.800000, 30.700000, 220.000000, 140.000000, 261.000000, 135.500000, 240.000000, 180.000000, 286.600000, 170.300000, 
1.74, 0.921954, 200.000000, 100.000000, 240.000000, 100.000000, 300.000000, 31.600000, 220.000000, 140.000000, 261.000000, 135.500000, 240.000000, 180.000000, 286.600000, 170.300000, 
1.75, 0.921954, 200.000000, 100.000000, 240.000000, 100.000000, 300.200000, 32.500000, 220.000000, 140.000000, 261.000000, 135.500000, 240.000000, 180.000000, 286.600000, 170.300000, 
1.75, 0.921954, 200.000000, 100.000000, 240.000000, 100.000000, 300.400000, 33.400000, 220.000000, 140.000000, 261.000000, 135.500000, 240.000000, 180.000000, 286.600000, 170.300000, 
1.75, 0.921954, 200.000000, 100.000000, 240.000000, 100.000000, 300.600000, 34.300000, 220.000000, 140.000000, 261.000000, 135.500000, 240.000000, 180.000000, 286.600000, 170.300000, 
1.75, 0.921954, 200.000000, 100.000000, 240.000000, 100.000000, 300.800000, 35.200000, 220.000000, 140.000000, 261.000000, 135.500000, 240.000000, 180.000000, 286.600000, 170.300000, 
1.75, 0.921954, 200.000000, 100.000000, 240.000000, 100.000000, 301.000000, 36.100000, 220.000000, 140.000000, 261.000000, 135.500000, 240.000000, 180.000000, 286.600000, 170.300000, 
1.75, 0.921954, 200.000000, 100.000000, 240.000000, 100.000000, 301.200000, 37.000000, 220.000000, 140.000000, 261.000000, 135.500000, 240.000000, 180.000000, 286.600000, 170.300000, 
1.75, 0.921954, 200.000000, 100.000000, 240.000000, 100.000000, 301.400000, 37.900000, 220.000000, 140.000000, 261.000000, 135.500000, 240.000000, 180.000000, 286.600000, 170.300000, 
1.75, 0.921954, 200.000000, 100.000000, 240.000000, 100.000000, 301.600000, 38.800000, 220.000000, 140.000000, 261.000000, 135.500000, 240.000000, 180.000000, 286.600000, 170.300000, 
1.75, 0.921954, 200.000000, 100.000000, 240.000000, 100.000000, 301.800000, 39.700000, 220.000000, 140.000000, 261.000000, 135.500000, 240.000000, 180.000000, 286.600000, 170.300000, 
1.76, 0.921954, 200.000000, 100.000000, 240.000000, 100.000000, 302.000000, 40.600000, 220.000000, 140.000000, 261.000000, 135.500000, 240.000000, 180.000000, 286.600000, 170.300000, 
1.81, 0.921954, 200.000000, 100.000000, 240.000000, 100.000000, 302.200000, 41.500000, 220.000000, 140.000000, 261.000000, 135.500000, 240.000000, 180.000000, 286.600000, 170.300000, 
1.81, 0.921954, 200.000000, 100.000000, 240.000000, 100.000000, 302.400000, 42.400000, 220.000000, 140.000000, 261.000000, 135.500000, 240.000000, 180.000000, 286.600000, 170.300000, 
1.81, 0.921954, 200.000000, 100.000000, 240.000000, 100.000000, 302.600000, 43.300000, 220.000000, 140.000000, 261.000000, 135.500000, 240.000000, 180.000000, 286.600000, 170.300000, 
1.81, 0.921954, 200.000000, 100.000000, 240.000000, 100.000000, 302.800000, 44.200000, 220.000000, 140.000000, 261.000000, 135.500000, 240.000000, 180.000000, 286.600000, 170.300000, 
1.81, 0.921954, 200.000000, 100.000000, 240.000000, 100.000000, 303.000000, 45.100000, 220.000000, 140.000000, 261.000000, 135.500000, 240.000000, 180.000000, 286.600000, 170.300000, 
1.82, 0.921954, 200.000000, 100.000000, 240.000000, 100.000000, 303.200000, 46.000000, 220.000000, 140.000000, 261.000000, 135.500000, 240.000000, 180.000000, 286.600000, 170.300000, 
1.82, 0.921954, 200.000000, 100.000000, 240.000000, 100.000000, 303.400000, 46.900000, 220.000000, 140.000000, 261.000000, 135.500000, 240.000000, 180.000000, 286.600000, 170.300000, 
1.82, 0.921954, 200.000000, 100.000000, 240.000000, 100.000000, 303.600000, 47.800000, 220.000000, 140.000000, 261.000000, 135.500000, 240.000000, 180.000000, 286.600000, 170.300000, 
1.82, 0.921954, 200.000000, 100.000000, 240.000000, 100.000000, 303.800000, 48.700000, 220.000000, 140.000000, 261.000000, 135.500000, 240.000000, 180.000000, 286.600000, 170.300000, 
1.82, 0.921954, 200.000000, 100.000000, 240.000000, 100.000000, 304.000000, 49.600000, 220.000000, 140.000000, 261.000000, 135.500000, 240.000000, 180.000000, 286.600000, 170.300000, 
1.82, 0.921954, 200.000000, 100.000000, 240.000000, 100.000000, 304.200000, 50.500000, 220.000000, 140.000000, 261.000000, 135.500000, 240.000000, 180.000000, 286.600000, 170.300000, 
1.82, 0.921954, 200.000000, 100.000000, 240.000000, 100.000000, 304.400000, 51.400000, 220.000000, 140.000000, 261.000000, 135.500000, 240.000000, 180.000000, 286.600000, 170.300000, 
1.87, 0.921954, 200.000000, 100.000000, 240.000000, 100.000000, 304.600000, 52.300000, 220.000000, 140.000000, 261.000000, 135.500000, 240.000000, 180.000000, 286.600000, 170.300000, 
1.87, 0.921954, 200.000000, 100.000000, 240.000000, 100.000000, 304.800000, 53.200000, 220.000000, 140.000000, 261.000000, 135.500000, 240.000000, 180.000000, 286.600000, 170.300000, 
1.87, 0.921954, 200.000000, 100.000000, 240.000000, 100.000000, 305.000000, 54.100000, 220.000000, 140.000000, 261.000000, 135.500000, 240.000000, 180.000000, 286.600000, 170.300000, 
1.87, 0.921954, 200.000000, 100.000000, 240.000000, 100.000000, 305.200000, 55.000000, 220.000000, 140.000000, 261.000000, 135.500000, 240.000000, 180.000000, 286.600000, 170.300000, 
1.87, 0.921954, 200.000000, 100.000000, 240.000000, 100.000000, 305.400000, 55.900000, 220.000000, 140.000000, 261.000000, 135.500000, 240.000000, 180.000000, 286.600000, 170.300000, 
1.87, 0.921954, 200.000000, 100.000000, 240.000000, 100.000000, 305.600000, 56.800000, 220.000000, 140.000000, 261.000000, 135.500000, 240.000000, 180.000000, 286.600000, 170.300000, 
1.88, 0.921954, 200.000000, 100.000000, 240.000000, 100.000000, 305.800000, 57.700000, 220.000000, 140.000000, 261.000000, 135.500000, 240.000000, 180.000000, 286.600000, 170.300000, 
1.88, 0.921954, 200.000000, 100.000000, 240.000000, 100.000000, 306.000000, 58.600000, 220.000000, 140.000000, 261.000000, 135.500000, 240.000000, 180.000000, 286.600000, 170.300000, 
1.88, 0.921954, 200.000000, 100.000000, 240.000000, 100.000000, 306.200000, 59.500000, 220.000000, 140.000000, 261.000000, 135.500000, 240.000000, 180.000000, 286.600000, 170.300000, 
1.88, 0.921954, 200.000000, 100.000000, 240.000000, 100.000000, 306.400000, 60.400000, 220.000000, 140.000000, 261.000000, 135.500000, 240.000000, 180.000000, 286.600000, 170.300000, 
1.88, 0.921954, 200.000000, 100.000000, 240.000000, 100.000000, 306.600000, 61.300000, 220.000000, 140.000000, 261.000000, 135.500000, 240.000000, 180.000000, 286.600000, 170.300000, 
1.88, 0.921954, 200.000000, 100.000000, 240.000000, 100.000000, 306.800000, 62.200000, 220.000000, 140.000000, 261.000000, 135.500000, 240.000000, 180.000000, 286.600000, 170.300000, 
1.93, 0.921954, 200.000000, 100.000000, 240.000000, 100.000000, 307.000000, 63.100000, 220.000000, 140.000000, 261.000000, 135.500000, 240.000000, 180.000000, 286.600000, 170.300000, 
1.93, 0.921954, 200.000000, 100.000000, 240.000000, 100.000000, 307.200000, 64.000000, 220.000000, 140.000000, 261.000000, 135.500000, 240.000000, 180.000000, 286.600000, 170.300000, 
1.93, 0.921954, 200.000000, 100.000000, 240.000000, 100.000000, 307.400000, 64.900000, 220.000000, 140.000000, 261.000000, 135.500000, 240.000000, 180.000000, 286.600000, 170.300000, 
1.94, 0.921954, 200.000000, 100.000000, 240.000000, 100.000000, 307.600000, 65.800000, 220.000000, 140.000000, 261.000000, 135.500000, 240.000000, 180.000000, 286.600000, 170.300000, 
1.94, 0.921954, 200.000000, 100.000000, 240.000000, 100.000000, 307.800000, 66.700000, 220.000000, 140.000000, 261.000000, 135.500000, 240.000000, 180.000000, 286.600000, 170.300000, 
1.94, 0.921954, 200.000000, 100.000000, 240.000000, 100.000000, 308.000000, 67.600000, 220.000000, 140.000000, 261.000000, 135.500000, 240.000000, 180.000000, 286.600000, 170.300000, 
1.94, 0.921954, 200.000000, 100.000000, 240.000000, 100.000000, 308.200000, 68.500000, 220.000000, 140.000000, 261.000000, 135.500000, 240.000000, 180.000000, 286.600000, 170.300000, 
1.94, 0.921954, 200.000000, 100.000000, 240.000000, 100.000000, 308.400000, 69.400000, 220.000000, 140.000000, 261.000000, 135.500000, 240.000000, 180.000000, 286.600000, 170.300000, 
1.94, 0.921954, 200.000000, 100.000000, 240.000000, 100.000000, 308.600000, 70.300000, 220.000000, 140.000000, 261.000000, 135.500000, 240.000000, 180.000000, 286.600000, 170.300000, 
1.94, 0.921954, 200.000000, 100.000000, 240.000000, 100.000000, 308.800000, 71.200000, 220.000000, 140.000000, 261.000000, 135.500000, 240.000000, 180.000000, 286.600000, 170.300000, 
1.95, 0.921954, 200.000000, 100.000000, 240.000000, 100.000000, 309.000000, 72.100000, 220.000000, 140.000000, 261.000000, 135.500000, 240.000000, 180.000000, 286.600000, 170.300000, 
1.95, 0.921954, 200.000000, 100.000000, 240.000000, 100.000000, 309.200000, 73.000000, 220.000000, 140.000000, 261.000000, 135.500000, 240.000000, 180.000000, 286.600000, 170.300000, 
1.99, 0.921954, 200.000000, 100.000000, 240.000000, 100.000000, 309.400000, 73.900000, 220.000000, 140.000000, 261.000000, 135.500000, 240.000000, 180.000000, 286.600000, 170.300000, 
2.00, 0.921954, 200.000000, 100.000000, 240.000000, 100.000000, 309.600000, 74.800000, 220.000000, 140.000000, 261.000000, 135.500000, 240.000000, 180.000000, 286.600000, 170.300000, 
2.00, 0.921954, 200.000000, 100.000000, 240.000000, 100.000000, 309.800000, 75.700000, 220.000000, 140.000000, 261.000000, 135.500000, 240.000000, 180.000000, 286.600000, 170.300000, 
2.00, 0.921954, 200.000000, 100.000000, 240.000000, 100.000000, 310.000000, 76.600000, 220.000000, 140.000000, 261.000000, 135.500000, 240.000000, 180.000000, 286.600000, 170.300000, 
2.00, 0.921954, 200.000000, 100.000000, 240.000000, 100.000000, 310.200000, 77.500000, 220.000000, 140.000000, 261.000000, 135.500000, 240.000000, 180.000000, 286.600000, 170.300000, 
2.00, 0.921954, 200.000000, 100.000000, 240.000000, 100.000000, 310.400000, 78.400000, 220.000000, 140.000000, 261.000000, 135.500000, 240.000000, 180.000000, 286.600000, 170.300000, 
2.00, 0.921954, 200.000000, 100.000000, 240.000000, 100.000000, 310.600000, 79.300000, 220.000000, 140.000000, 261.000000, 135.500000, 240.000000, 180.000000, 286.600000, 170.300000, 
2.00, 0.921954, 200.000000, 100.000000, 240.000000, 100.000000, 310.800000, 80.200000, 220.000000, 140.000000, 261.000000, 135.500000, 240.000000, 180.000000, 286.600000, 170.300000, 
2.00, 0.921954, 200.000000, 100.000000, 240.000000, 100.000000, 311.000000, 81.100000, 220.000000, 140.000000, 261.000000, 135.500000, 240.000000, 180.000000, 286.600000, 170.300000, 
2.00, 0.921954, 200.000000, 100.000000, 240.000000, 100.000000, 311.200000, 82.000000, 220.000000, 140.000000, 261.000000, 135.500000, 240.000000, 180.000000, 286.600000, 170.300000, 
2.01, 0.921954, 200.000000, 100.000000, 240.000000, 100.000000, 311.400000, 82.900000, 220.000000, 140.000000, 261.000000, 135.500000, 240.000000, 180.000000, 286.600000, 170.300000, 
2.01, 0.921954, 200.000000, 100.000000, 240.000000, 100.000000, 311.600000, 83.800000, 220.000000, 140.000000, 261.000000, 135.500000, 240.000000, 180.000000, 286.600000, 170.300000, 
